tree
version=v4
num_class=1
num_tree_per_iteration=1
label_index=0
max_feature_idx=16
objective=lambdarank
feature_names=Column_0 Column_1 Column_2 Column_3 Column_4 Column_5 Column_6 Column_7 Column_8 Column_9 Column_10 Column_11 Column_12 Column_13 Column_14 Column_15 Column_16
feature_infos=[0.00061576353618875146:1] [0.00061576353618875146:1] [0.00061614293372258544:1] [0.00061614293372258544:1] [0.00061881187139078975:1] [0.00061576353618875146:1] [0.00061576353618875146:1] [0.00061614293372258544:1] [0.00061614293372258544:1] [0.00061614293372258544:1] [0.00061614293372258544:1] [0.08883405476808548:0.99966621398925781] [0.00061652279691770673:1] none [2:6] [0.098485268652439117:0.19072812795639038] [0.75209367275238037:2.0965893268585205]
tree_sizes=7098 7072 7031 7024 7016 7033 7010 6996 7001 7020 7033

Tree=0
num_leaves=63
num_cat=0
split_feature=9 4 1 14 6 3 9 1 15 10 16 16 16 7 7 7 7 16 9 2 1 3 8 10 1 7 7 10 14 2 2 3 12 1 7 3 11 15 9 12 15 2 6 16 2 10 12 3 12 3 4 4 15 8 10 3 4 3 8 1 12 12
split_gain=111.92 45.0599 42.2825 30.9375 15.7667 15.0434 14.8628 14.2516 10.572 17.5047 9.97308 8.73026 11.3709 8.08041 7.81664 7.4217 7.17682 7.1733 7.13971 7.70409 7.46568 6.73717 6.58731 7.80612 6.54381 6.23294 6.19968 5.96206 5.66118 5.84428 5.47066 5.26446 5.25055 5.20908 4.9129 4.89506 6.09547 5.34351 5.18082 4.8749 11.1096 7.05286 6.45801 6.26726 6.0918 5.43112 4.99769 4.90027 4.75521 4.75302 4.7274 4.66876 5.4701 4.56074 4.88338 5.74838 5.33727 4.67932 4.40755 4.4035 4.39589 4.26625
threshold=0.15884026139974597 0.10324087738990785 0.096165701746940627 5.5000000000000009 0.98872429132461559 0.69557872414588939 0.51961100101470958 0.46005073189735418 0.13096754252910617 0.43174701929092413 1.2358862757682803 0.97190007567405712 0.89823603630065929 0.039792934432625778 0.79618030786514293 0.58785736560821544 0.16559482365846637 1.0282734632492068 0.33343608677387243 0.68488210439682018 0.064320120960474028 0.35744416713714605 0.78457531332969677 0.02469526790082455 0.73218342661857616 0.01603399217128754 0.0040913857519626626 0.92890840768814098 2.5000000000000004 0.0084662986919283884 0.48750400543212896 0.020495741628110412 0.078864485025405898 0.71676123142242443 0.83603364229202282 0.8527105748653413 0.49423074722290045 0.13526272773742679 0.68619662523269664 0.64604276418685924 0.11761567369103433 0.075871031731367125 0.15565883368253711 0.8716581165790559 0.060303173959255225 0.0086399242281913775 0.51878246665000927 0.026788656599819664 0.72080710530281078 0.012381078209728004 0.29608032107353216 0.93645799160003673 0.12700860947370532 0.97197163105010997 0.17186981439590457 0.0083200074732303637 0.23281592875719073 0.0044543433468788871 0.98397946357727062 0.44409839808940893 0.83159944415092479 0.89591896533966076
decision_type=8 10 10 10 10 10 10 10 8 8 10 10 8 8 10 10 10 8 8 8 8 10 10 10 10 10 8 8 10 10 10 10 8 10 10 10 10 10 10 10 8 10 10 10 10 10 8 8 10 8 10 10 10 10 8 10 10 8 10 10 10 8
left_child=2 18 15 5 25 6 16 10 33 60 13 12 -11 -4 24 28 -3 -17 -2 -20 -21 22 30 -24 -14 -5 -22 35 31 -30 -15 -1 -31 -9 -8 36 58 -37 -38 40 46 47 43 -41 -44 51 -34 -42 -40 -28 -46 -45 -53 54 55 -27 -56 -55 -7 -32 -10 -35
right_child=1 3 7 4 -6 27 34 8 9 11 -12 -13 14 21 -16 17 -18 -19 19 20 26 -23 23 -25 -26 53 49 -29 29 32 59 -33 39 61 -36 37 38 -39 48 42 41 -43 44 45 50 -47 -48 -49 -50 -51 -52 52 -54 57 56 -57 -58 -59 -60 -61 -62 -63
leaf_value=-0.029312298556721173 0.068016153141944036 0.015757591319398391 0.011698854847459493 0.048974446648755027 0.054416136181007636 -0.010588968490961354 0.016932886453700464 -0.025449435557572238 -0.026438277093650993 -0.029084303714945504 0.016978588727558031 -0.017735983425410395 0.0088812612964627863 -0.029931481070441707 -0.025997188114264894 0.0014841500412614318 0.00082386889013729119 -0.045951368333382127 0.021713616077517109 -0.063626983967624742 0.093810978333765421 -0.004871415429140432 -0.056216805764320935 -0.0039276380699559323 0.052863767837561151 0.051057498522723767 -0.044245615661584185 0.01902427760371336 -0.027283095157573586 0.041888999577510848 -0.016805410910321814 0.015686173611046048 0.052745445731075327 -0.035999719454597831 0.0037287231467488476 -0.0011884090792672161 -0.0082147314022990078 0.01779985196419696 0.0070008493013334686 -0.020133049554552373 -0.062617393907646687 0.0022665556281560371 0.045900452104028572 -0.071130234373813647 0.066182806317114165 0.053716850490185319 -0.036506130660271689 -0.0033319764719222213 0.04428881328356734 0.0086000346741918043 -0.0063458923564804317 -0.038640930380391458 0.063475103017844564 -0.089284088482242008 -0.00069310412149191283 -0.00072687579928916533 -0.013805440150609159 -0.016079724949130104 0.023917858717921021 0.030952511965421377 -0.056752596022039054 -0.065854344257719327
leaf_weight=17.471491078482362 7.5584153368981779 97.458598644763697 29.020150084405032 4.5332583707349832 9.8711072013684298 254.36924024519976 474.39926182623458 151.03874767478555 77.44204608930886 12.420640066266058 27.820349731089664 41.357795597417862 14.393414795871648 140.29603587593738 6.2492934841429806 20.790189128907514 461.0359955193635 12.92443401062337 383.82790554541498 3.9355443596141404 2.008407993183936 110.14627794693661 7.7684718042437444 87.890259389205312 20.504192085558316 6.2084492855792623 4.6138935406779629 35.015031351227663 9.2128905908466532 14.983741050615206 82.661075337986404 10.350312618960741 12.981766863289518 83.832394755416317 82.731048539106268 126.93011368888256 29.589612288727949 52.323954081308329 25.165762865610304 4.5045805502013527 8.1250415831746032 55.575851625777432 8.2322718670911836 1.5889536851173023 2.4023380746948524 25.297267759306123 1.7840216963959399 6.1039911352563658 12.949877723804091 54.687762706060312 34.675277205053135 2.0748490660625976 3.5643093010585289 3.6009237400139655 100.09587766253389 39.170754740509437 345.41571232174465 5.5437195634949612 9.6033163751126249 5.1259813568613017 14.142899147831484 13.958916284987934
leaf_count=585 279 48649 10087 456 1562 82869 283123 26647 12570 1170 6948 4241 1674 6517 362 285 229864 494 125447 612 72 89606 271 4367 653 103 145 2208 1248 2948 4079 6138 1359 8953 59460 82942 13603 30517 3662 895 244 17076 1215 173 102 4307 540 3997 1381 28578 7438 296 571 25 39253 20262 178430 2104 189 199 2124 1428
internal_value=-0.000188105 0.00554502 -0.012993 0.00254847 -0.00816609 0.0058658 0.00919393 -0.0179393 -0.0245247 -0.0155249 -0.0120971 -0.000479012 0.0128445 -0.0138445 0.0255012 0.00513769 0.00342984 -0.0167002 0.0198246 0.0190135 0.00312934 -0.015553 -0.0191871 -0.00817406 0.0347233 -0.00939042 0.00741449 -0.000935113 0.00850068 0.0115685 -0.0238061 -0.0125719 0.0135363 -0.0312705 0.0149721 -0.00230296 -0.00590082 0.00435423 0.00748311 0.010991 0.00255951 -0.00577526 0.019651 0.0351404 0.00699214 0.0427954 0.041962 -0.037185 0.0196695 0.00448844 -0.0016466 0.00457217 0.0259029 -0.00991954 -0.0092678 0.00635788 -0.0108594 -0.0449057 -0.00933361 -0.0140168 -0.0311195 -0.0402612
internal_weight=3811.36 2632.64 1178.71 2176.01 514.44 1661.57 1115.62 926.069 435.34 186.51 490.729 94.9253 53.5675 462.908 41.1469 252.644 558.495 33.7146 456.632 449.074 65.2456 433.888 323.742 95.6587 34.8976 504.569 61.3101 545.947 218.929 191.107 228.083 27.8218 181.894 248.83 557.13 510.932 331.678 179.254 67.7053 166.911 84.5707 69.8049 82.3398 37.03 45.3099 32.5254 14.7658 14.229 38.1156 59.3017 37.0776 7.22811 5.63916 500.035 490.891 45.3792 445.512 9.14464 263.973 87.7871 91.5849 97.7913
internal_count=1467602 1235795 231807 1080662 242195 838467 621096 181896 59822 22794 122074 8100 3859 115126 2689 49911 278513 779 155133 154854 29407 105039 15433 4638 2327 240633 28795 217371 49132 42409 10795 6723 41161 37028 342583 215163 101704 113459 18646 38213 23216 21317 14997 6242 8755 5347 1899 4241 5043 28723 7540 1040 867 240177 238048 20365 217683 2129 83058 4278 14694 10381
is_linear=0
shrinkage=0.05


Tree=1
num_leaves=63
num_cat=0
split_feature=10 1 9 2 3 1 16 16 3 4 7 2 3 9 8 4 10 9 9 7 6 1 9 7 3 10 3 5 3 12 4 16 9 3 12 7 4 12 2 10 10 9 16 1 9 6 6 5 5 8 6 10 5 1 3 16 7 16 16 4 5 12
split_gain=86.5463 58.7151 50.3729 32.6374 27.6436 21.5436 20.3143 16.6434 14.8873 12.6017 11.3526 10.6383 9.63869 9.00272 8.89463 8.81605 8.37534 7.28676 7.46273 7.05676 7.29701 8.03176 6.9549 6.71519 6.67061 7.58933 6.61928 6.81003 6.34143 6.27711 6.19035 6.0809 7.54228 6.03739 5.8721 5.72948 6.27893 5.6313 8.1458 8.84698 7.81296 8.6339 7.64307 7.33082 6.58453 6.39728 5.62117 5.57821 5.53365 5.44049 5.30737 5.17518 5.76902 5.76255 5.10507 5.0002 5.67553 4.99092 8.3395 5.66705 4.964 5.77312
threshold=0.92890840768814098 0.044534467160701759 0.5835535228252412 0.032404465600848205 0.020495741628110412 0.22696138173341754 1.5038886070251467 1.2550796270370486 0.36523781716823583 0.15479245781898501 0.86387962102890026 0.41677460074424749 0.3549784272909165 0.34566760063171392 0.57663074135780346 0.13086178898811343 0.61363646388053905 0.24117835611104968 0.28106234967708593 0.78028613328933727 0.99259737133979808 0.73218342661857616 0.76814380288124096 0.98458635807037365 0.35814598202705389 0.0045781633816659459 0.36448459327220922 0.99231013655662548 0.012381078209728004 0.979902744293213 0.98808383941650402 0.98613387346267711 0.99256736040115368 0.36147388815879827 0.59122043848037731 0.027938536368310455 0.23685857653617862 0.79346054792404186 0.036507884040474899 0.0045781633816659459 0.052266951650381095 0.032101295888423927 0.90224403142929088 0.020314556546509269 0.048518439754843719 0.032108679413795478 0.51290649175643932 0.41540417075157171 0.98450115323066723 0.016092844307422641 0.0081538786180317419 0.44380402565002447 0.92111065983772289 0.43610027432441717 0.36428326368331915 1.1543847918510439 0.11408311873674394 0.93331974744796764 1.1007276773452761 0.099200040102005019 0.071794901043176665 0.81421291828155529
decision_type=10 8 8 10 10 8 10 8 8 10 10 10 10 10 10 8 10 10 10 10 10 10 10 10 10 10 10 10 10 10 10 10 10 10 8 10 10 10 10 10 10 10 10 10 10 10 10 10 10 10 10 10 10 10 8 8 10 8 10 10 10 10
left_child=1 4 5 13 35 9 10 14 16 54 22 24 -11 -2 60 23 -7 -5 -19 20 28 -22 -4 49 -9 -26 27 31 47 50 -13 -20 46 -15 -27 -1 -37 40 43 -40 41 42 -16 44 -39 -41 -33 -18 -24 -12 -14 -51 53 -53 57 56 -35 -3 59 -59 61 -6
right_child=3 2 6 17 7 8 -8 11 -10 12 15 30 29 33 37 -17 19 18 26 -21 21 -23 48 -25 25 34 -28 -29 -30 -31 -32 32 -34 55 -36 36 -38 38 39 45 -42 -43 -44 -45 -46 -47 -48 -49 -50 51 -52 52 -54 -55 -56 -57 -58 58 -60 -61 -62 -63
leaf_value=0.0019532863020119101 0.088400215784623037 0.049205768159453232 -0.0013945465509431045 0.05177633702859552 -0.0033361475382496148 -0.014367857796653748 -0.082191131951900129 0.076632505678683002 -0.02170589918845944 0.012819162407744757 0.032586283154437019 -0.029742159246817654 -0.037418217327564389 0.012762135093414005 -0.036349798708465983 -0.011933511393003611 -0.036602099257697245 -0.067593983598416438 0.0079267857861763207 -0.021989055301492352 -0.007119662147144718 0.053578649391149716 0.0045776999448235564 -0.013812912071845053 0.06970286637019564 0.041857312865509165 0.012882077310571781 0.029878164690982329 -0.0058103955478251831 -0.033951555178702381 0.071395866412110459 -0.012861527831687911 -0.040578039595019634 0.023183118319169579 -0.0019066850161944715 0.0069141985532948178 0.052799548085897652 0.067073087525070421 -0.029744865568019276 0.032677197705531541 0.01396616599888666 -0.0078516950762272907 0.027763197812002333 0.0028736280975462433 0.018518664349355628 0.0060716448792152919 0.0048883924415461634 0.036376834263501016 0.021207364240334509 -0.042896928274767265 -0.0062287410234301479 0.015110957976681558 0.014925583567854648 -0.006622181198510978 0.064481348713283398 0.0095416280671951573 0.045230481750576312 -0.077844300485992279 0.041406467852140291 0.017155284959119398 0.010400596076317995 -0.026532490717996154
leaf_weight=8.5015919529250805 6.5250715073198071 6.9580066571652486 604.49007039380376 9.5274047259299532 83.177424003952183 462.1223423476913 7.4933762184227808 10.427554812107699 521.10996257010265 62.588574882072862 15.260923348105278 9.232028425234601 13.899178973733795 45.408680759341223 5.4152592609170815 280.70755915745394 3.1208954087342162 3.268383110756985 283.04812100247364 39.003890601481544 9.3742342650657537 13.019048534857573 794.38123389668181 69.715143984969473 9.969525328895541 14.994670551692254 406.241200053395 24.937316310591996 146.02352736517787 21.931944016861962 1.8094992695841927 66.057243313523941 12.710003575397421 45.813941039901692 15.679730854026273 8.7769566352071688 49.519066446693614 17.641829662868989 13.452636906731639 30.675407240807544 113.32166433511884 154.31124891333457 32.831676760310074 13.130945314565905 11.556299808464244 85.760576749249594 137.34148864154122 16.263169242869481 53.386645420439891 6.3008984298503483 730.48325767922506 39.087385795952287 72.007927438389743 138.84245199902216 7.3278445387550155 18.722831372142537 80.44428308433271 4.1154068215400894 5.5484716559876688 2.5379365725675598 35.550332134065684 39.590514487557812
leaf_count=275 40 337 189301 179 11253 222982 3177 601 300503 10371 1148 1577 1966 4849 383 108449 508 95 35327 9264 393 116 155847 10862 538 1468 25725 1774 56350 4006 61 9098 1734 2549 1532 170 1386 113 324 597 13467 13769 1469 560 681 5341 17424 1724 6093 883 185204 4606 6817 18316 538 890 3677 120 184 456 4220 3043
internal_value=-0.000274877 -0.0031552 -0.00550347 0.0121364 0.00956945 -0.0110357 -1.4445e-05 0.0066309 -0.0153291 -0.00496213 0.000282434 0.0313355 -0.00604699 0.0306509 0.00421977 -0.00537016 -0.0105057 0.00827073 0.00782675 -0.00263637 0.00138295 0.0281692 0.00270313 2.93268e-05 0.040957 0.0318041 0.00809171 0.00437856 -0.00224345 -0.00758787 -0.0131675 0.00310463 -0.00321118 0.0286717 0.0194866 0.040299 0.0458911 0.00762128 0.0148532 0.00864546 0.00354954 -0.00258071 0.0186856 0.0339018 0.0478558 0.013081 -0.0008762 0.024627 0.00562492 0.00358371 -0.00681111 0.00185639 0.00298462 -0.00184787 0.0289872 0.0336547 0.0372304 0.0154122 -0.00385839 -0.0416064 -0.00605225 -0.0108166
internal_weight=6052.47 4912.43 4147.1 1140.05 765.326 2065.43 2081.67 698.529 1210.04 855.391 2074.18 62.113 828.903 196.915 636.416 621.922 688.927 943.131 933.604 226.805 187.801 22.3933 1452.26 341.215 51.0715 40.6439 930.335 524.094 165.408 766.314 11.0415 499.157 216.109 190.39 30.6744 66.7976 58.296 478.098 172.218 129.889 305.88 192.558 38.2469 42.3291 29.1981 116.436 203.399 19.3841 847.768 271.5 744.382 256.239 249.938 177.93 26.4877 144.981 126.258 19.1598 12.2018 6.65334 158.318 122.768
internal_count=1466710 1363349 1300521 103361 62828 795022 505499 60997 591840 203182 502322 5777 201547 12005 55220 151081 291337 91356 91177 68355 59091 509 351241 42632 4139 3538 91082 65357 58582 191176 1638 63583 28256 11965 3000 1831 1556 36704 7616 6262 29088 15621 1852 1354 794 5938 26522 2232 161940 31770 187170 30622 29739 22922 1635 7116 6226 1097 760 576 18516 14296
is_linear=0
shrinkage=0.05


Tree=2
num_leaves=63
num_cat=0
split_feature=4 5 2 10 9 9 6 4 3 8 9 3 15 8 5 3 15 3 8 16 16 7 15 5 3 0 2 3 12 11 2 0 5 10 2 9 15 10 5 3 12 16 6 12 16 10 6 7 3 16 7 16 6 7 5 9 11 16 7 3 9 4
split_gain=239.211 110.147 48.2603 44.6861 25.2382 23.4692 22.9757 21.5068 18.0601 16.1826 16.0665 16.0484 13.9031 13.9649 13.4187 9.99446 9.73815 9.67404 9.68477 9.57639 9.48901 9.26102 8.39752 8.36083 8.25757 8.06469 7.90311 7.52098 7.27531 7.2337 7.14934 6.99108 6.97923 6.90831 6.78821 6.76168 6.62539 6.62313 6.47066 6.42946 6.40818 6.39649 6.31733 5.91232 5.8032 5.79434 5.76911 6.18694 5.75769 5.77783 5.74434 7.42162 5.72458 5.50462 5.42224 7.3958 5.40554 5.39085 5.36438 5.34912 5.28941 5.26914
threshold=0.095085117965936675 0.10327450186014177 0.02843895182013512 0.7746882736682893 0.1547694876790047 0.6742008924484254 0.032108679413795478 0.20119523257017138 0.70829373598098766 0.96369081735610973 0.40110009908676153 0.016334651038050655 0.14084917306900027 0.88079684972763073 0.24951075762510302 0.35859684646129614 0.12919655442237857 0.020495741628110412 0.26989839971065527 1.5038886070251467 1.24189829826355 0.38856197893619543 0.14459738135337832 0.88921117782592785 0.36514121294021612 0.90524005889892589 0.07210631296038629 0.3614077121019364 0.73060429096221935 0.49073195457458502 0.044790310785174377 0.2331507205963135 0.67613461613655101 0.02469526790082455 0.96485218405723583 0.20569173991680148 0.13031294941902163 0.99251785874366771 0.20580470561981204 0.35798752307891851 0.7720642387866975 0.82800799608230602 0.98872429132461559 0.88774189352989208 1.8396371006965639 0.33268545567989355 0.57974353432655346 0.33793537318706518 0.85583323240280162 0.85414338111877453 0.071565669029951109 0.81676438450813305 0.9966147541999818 0.77663999795913707 0.016281375661492351 0.016160964034497741 0.42799720168113714 1.5038886070251467 0.32593062520027166 0.35944870114326483 0.98496484756469738 0.85343733429908764
decision_type=8 8 10 8 10 10 10 8 10 10 10 8 8 10 10 10 8 10 10 8 10 8 10 10 10 10 10 10 8 10 10 10 10 10 10 10 10 8 10 10 10 10 10 10 10 8 10 10 8 10 10 10 10 10 10 10 8 10 8 10 10 10
left_child=2 4 8 5 6 7 12 43 16 17 40 22 15 59 31 -2 28 18 -8 -19 34 35 30 38 44 52 54 56 41 37 -9 -13 -24 -17 -6 -5 -31 -18 48 -15 -4 -1 57 -3 -16 -45 -30 -48 49 -12 51 -27 53 -7 -20 -56 -22 -23 -36 -14 -43 -33
right_child=1 3 10 21 20 25 9 11 -10 -11 23 14 13 39 24 33 29 19 26 -21 27 42 32 -25 -26 50 -28 -29 46 36 -32 61 -34 -35 58 -37 -38 -39 -40 -41 -42 60 -44 45 -46 -47 47 -49 -50 -51 -52 -53 -54 -55 55 -57 -58 -59 -60 -61 -62 -63
leaf_value=0.0076442912427540409 0.058348693484647746 0.0011618786528198011 0.023758877554556329 0.031163251816433674 -0.0084926346443503792 -0.0052116119392970799 0.064724695675759031 0.045354776319658854 0.066510619404880497 0.029733144568424824 -0.011442414986777949 -0.01780709625818333 0.014048916949431032 -0.01195441017420462 -0.019034460066164702 0.016036936024956795 0.043806159060296432 -0.0011437792362862546 0.062070700800568236 0.028646079064946713 0.045259557348199655 -0.0081228427272991011 -0.010363911198259652 0.013875485009852216 -0.028498138288638356 -0.057726012712949165 0.0024509737312873332 0.031740954647325126 -0.0020093585092828886 -0.014849693798074473 -0.012825341180370035 -0.013225553572305744 0.053460762451949521 0.039442785952207939 0.05639467221532455 0.0028961708946533549 0.016396105615051854 0.018787462506599139 0.0013087219420264027 0.040178592547624611 0.064598336894519978 0.02973557262122602 0.0065812323761812123 0.078895235258981858 -0.085195938126048545 0.01174243075507065 0.018611440324196836 0.056627184348427756 0.093441062536527966 0.018563629661514314 8.8495453976295831e-05 0.039229764289788971 0.040084090917946534 -0.017194311513616129 0.046053520327889702 -0.0092854790785408484 -0.028069096041370218 -0.084491259103702823 -0.016287564663390385 -0.047154679794506736 0.045769234618529255 0.0057631005149320017
leaf_weight=17.996821207634639 31.142368330627505 63.87437540855899 23.382763113899273 22.629624164081179 320.88302239211043 220.74648965263623 9.7683141978923214 5.9029662651300887 27.795162060530856 67.841565724622342 19.54520851187408 295.17119296095916 4.7988785698253222 8.5017999153351429 520.65219525733846 68.932158071562299 46.396950450784061 431.92504926426045 10.432281265733762 28.774970937483886 3.220903347100827 398.25834022651543 6.4946596978115876 365.5683003552258 487.23824824820622 2.2123502782196764 66.130210887742578 29.989462551879114 23.45224359218264 18.674590802460443 50.056183971144492 79.155399619980017 12.579141377907943 58.09467382884759 7.3002974193077508 324.87088706926443 185.38342933093372 61.539122584130382 430.2309405811975 19.430667115200777 16.302128671086393 91.883688614005223 83.117645690625068 5.2086475164978738 3.3355750007467568 8.3811360352556221 47.735481048352085 13.795673538930712 2.2816312100621863 89.535030394472415 117.03002517943969 18.300608602061402 5.6940801905002436 169.38512206588348 12.321662160829876 11.838315810018683 11.438630015705712 2.324324147150036 3.89211696793791 13.941224509093443 116.85458693603869 67.848389971768484
leaf_count=405 566 9126 361 2207 88675 75951 157 646 339 2610 1973 107783 172 209 281425 2102 874 35051 206 1635 396 135021 1629 26886 324017 262 2161 2848 365 473 12118 34246 859 1074 954 69356 3644 1318 86231 452 126 1081 3961 179 1667 1030 762 113 28 12340 27059 1895 166 80781 250 288 1366 1273 1217 564 1273 13223
internal_value=0.000144381 -0.00613212 0.0166021 -0.0113281 0.00651291 -0.0151507 0.0113167 -0.0181689 0.027076 0.00664569 0.00939517 -0.0194715 0.0258887 0.00190879 -0.0206357 0.0329647 0.0253186 0.00390354 0.0171906 0.000716873 -0.00424777 -0.00148973 0.00307759 0.0080329 -0.0238126 -0.00606351 0.0125806 0.0173934 0.031569 0.0190737 -0.00668809 -0.0133703 0.0317284 0.0267414 -0.00715752 0.00473695 0.0135366 0.0295419 0.00408924 0.0243109 0.0405353 0.0362455 -0.00596311 0.00753338 -0.0194556 0.0374805 0.0190921 0.0271348 0.0148314 0.0131871 0.00436645 0.028773 -0.00968776 -0.0104142 0.0319456 0.0189376 -0.0119578 -0.00856596 0.0311197 -0.0314819 0.0387114 -0.0044615
internal_weight=5789.42 4191.07 1598.35 2970.47 1220.6 2139.27 843.874 1605.9 651.508 639.032 946.846 1528.43 204.842 46.6726 1453.4 158.169 623.713 571.191 110.491 460.7 376.724 831.201 75.033 907.161 1011.23 533.369 100.722 44.649 311.718 311.994 55.9592 442.175 19.0738 127.027 332.075 347.501 204.058 107.936 541.593 27.9325 39.6849 226.735 483.7 77.4642 523.988 13.5898 84.9834 61.5312 111.362 109.08 137.543 20.513 395.826 390.132 34.5923 24.16 14.6595 400.583 11.1924 18.7401 208.738 147.004
internal_count=1467425 1328833 138592 1185880 142953 974062 47497 787948 10647 42358 127945 777613 5139 1397 762361 3742 10308 39748 3062 36686 95456 211818 15252 127458 607109 186114 2905 4610 3999 6309 12764 155252 2488 3176 90846 71563 4117 2192 100572 661 487 2759 140255 10335 283092 1209 1240 875 14341 14313 29216 2157 156898 156732 744 538 1762 136294 2171 736 2354 47469
is_linear=0
shrinkage=0.05


Tree=3
num_leaves=63
num_cat=0
split_feature=2 1 4 0 2 6 4 3 3 15 5 3 7 4 1 5 7 14 6 16 6 15 6 1 1 16 12 16 15 15 3 16 6 0 5 11 15 15 1 1 4 14 3 12 11 16 15 10 15 1 6 16 15 3 15 10 11 6 15 3 12 16
split_gain=367.028 92.2673 131.788 43.2797 30.186 25.7414 23.9624 18.6851 16.0422 14.1703 13.7242 11.5525 11.0884 10.9545 29.0254 9.40379 10.2109 12.3626 9.58486 9.20508 8.94035 8.77463 7.96389 7.24776 7.17906 16.4333 8.94178 8.83428 7.55045 7.08338 6.64485 6.60544 6.55456 6.63926 8.17166 6.46886 6.31304 6.27394 6.25784 6.20791 6.63712 6.08487 6.07808 6.04335 6.37229 6.09452 6.40381 5.85632 5.83301 5.75307 11.0436 8.48792 5.90704 5.76108 5.69016 5.6381 5.66758 5.60386 5.456 5.38331 5.34758 5.3449
threshold=0.044790310785174377 0.072198662906885161 0.15090233832597735 0.90139466524124157 0.0045103260781615981 0.98872429132461559 0.063781443983316435 0.70829373598098766 0.70829373598098766 0.12960455566644671 0.98823145031929027 0.36207433044910436 0.16170883923769 0.071561925113201155 0.044534467160701759 0.20981101691722873 0.06734760478138925 5.5000000000000009 0.74088054895401012 1.3631070256233218 0.90673416852951061 0.12764975428581241 0.98872429132461559 0.98843735456466686 0.92578613758087169 0.94611465930938732 0.68564110994339 0.98277604579925548 0.13003945350646975 0.129685252904892 0.012381078209728004 1.8396371006965639 0.0081538786180317419 0.37847983837127691 0.0082487445324659365 0.47619751095771795 0.10416741296648981 0.15284702181816104 0.8634210228919984 0.91411647200584423 0.57249450683593761 5.5000000000000009 0.36622717976570135 0.10624006018042566 0.49765336513519293 0.86592328548431408 0.13096754252910617 0.012560323346406223 0.11280039325356485 0.21905070543289187 0.78460523486137401 1.108561158180237 0.11850340664386751 0.36473108828067785 0.102905310690403 0.98063653707504284 0.98085176944732677 0.019934623502194885 0.14216283708810809 0.36115416884422308 0.4126036018133164 0.84904387593269359
decision_type=8 8 8 10 10 10 10 10 10 10 10 10 10 10 10 10 10 10 10 10 10 8 10 8 10 10 10 10 10 8 10 10 10 10 10 10 8 10 10 10 10 10 10 8 10 10 10 10 8 10 10 8 8 10 10 10 10 10 8 10 10 10
left_child=4 11 10 5 6 8 7 -1 21 13 15 19 39 22 35 -3 18 61 -17 43 -19 31 49 -20 27 26 -26 -11 -29 54 38 36 -30 34 -34 -15 -4 57 -23 -5 -41 -7 60 -2 45 46 -45 48 -13 -6 52 53 -51 -52 -10 -27 -57 -36 -46 -43 -37 -18
right_child=1 2 3 12 9 41 -8 -9 29 24 -12 47 -14 14 -16 16 17 20 23 -21 -22 30 -24 -25 25 55 -28 28 32 -31 -32 -33 33 -35 37 42 -38 -39 -40 40 -42 59 -44 44 58 -47 -48 -49 -50 50 51 -53 -54 -55 -56 56 -58 -59 -60 -61 -62 -63
leaf_value=0.03462920438864088 0.026283328358981742 0.01086263563908732 0.012843821113452301 0.0035776907509234 0.039878910501327192 -0.014491060744930742 -0.017618889361004607 0.069532482006305671 0.041700858216361714 0.0047099533231459868 0.014859557689204359 0.052435098747021049 -0.010183010752251566 0.062448514344247821 -0.014865899497376076 0.044413681613595241 0.0040075145113455 -0.001079415930746123 -0.012432922847195702 0.04998838823642851 0.02051071913976844 -0.0067330656428715293 0.044702248799919651 0.085188225768342743 0.023174788757051912 0.030400675725825527 0.068218173403694557 -0.036320933180191105 0.049729175538294139 -0.023417389896330552 -0.016528340527556369 -0.081052093270470693 0.043671166740006491 0.022359460996738349 0.035775387712150955 0.0094622139516414017 -0.023744224429270409 0.028881206798926792 0.037769504455991983 0.042880889005339165 -0.009171288249203078 0.043564075529952978 -0.0053899657167653693 0.0017378694053037499 0.052259868621637812 0.010556131326328282 -0.041501170253168213 0.0040306841867333481 -0.018833182203987289 0.044610776518919509 5.9545413956227464e-05 -0.028564267120814835 0.024231348421774546 0.029044303384220389 -0.035864880073847021 -0.021936943420665905 0.022680086490725698 -0.017331311722004136 -0.006635513326879134 0.0072877501898243949 0.038027462831198379 -0.011006591633898879
leaf_weight=192.0110494523542 63.547383923840243 178.52370456104109 12.040944524283985 132.65641336899716 58.32413091120543 15.631071436218916 18.392322345272987 47.912634909152985 2.3869980069575822 268.8535936086264 211.13200487650465 3.0615789630101053 162.47801472767605 12.664536302763734 58.656709622853668 22.202668166835792 71.077969693025807 142.45688143155712 18.979312927986033 16.76793679963157 72.277201331220567 36.069530801629298 65.007688690908253 2.113000856479629 19.99796749727102 15.369751588645157 24.536476542125456 6.3276558885117984 16.217231802089373 264.14598770899465 749.01845156408672 4.938756121278856 11.064194797712842 166.30878601048607 5.6207906958588856 23.014684439229313 564.86544480422162 12.265883631887844 10.114532645995494 22.222093320626303 8.4538645926513691 17.206752459518611 14.499908088240771 33.329913499241229 14.846966847893784 265.4458992688451 11.523611185024491 348.54271366060129 46.133457787043881 46.510499867610633 34.572079641744494 13.785262504650744 150.98257083777571 34.007328884792514 249.96762469068926 20.625768835714556 10.86803700821474 42.73142613217351 5.3491089236340477 25.21126022975659 56.86833577248035 357.00137673399877
leaf_count=2078 3279 17220 6110 11050 733 4308 3903 148 1289 14634 6805 145 63196 250 18643 1825 17040 28595 2942 667 7102 9185 604 66 375 431 223 536 332 178498 380763 2765 428 5638 268 1352 284363 987 557 966 889 286 1127 2708 487 23930 1555 53639 3741 547 545 413 2156 385 169448 412 186 5486 445 734 2226 115215
internal_value=0.000208094 -0.00733582 -0.0109916 -0.0178043 0.0218902 -0.0206206 0.037383 0.0415994 -0.021626 0.0185263 0.00343093 0.00782534 -0.00093472 0.0242266 0.0134038 0.000640202 -0.00201965 -0.00360266 0.0214837 0.0137061 0.00618759 -0.0188075 0.0286746 -0.00265336 0.0133024 0.026243 0.0479917 0.0110683 0.0176296 -0.0291406 -0.0153934 -0.0234735 0.0189725 0.0168767 0.00415631 0.0288942 -0.0229806 -0.00305605 0.00301321 0.0082652 0.028536 0.0121762 0.0243919 0.0121621 0.00944693 0.00767569 -0.00937095 0.0017513 -0.0143979 0.0255936 0.0226165 0.00723626 0.0290308 0.0144326 -0.0351312 0.00557517 -0.00654028 -0.0111578 0.0366609 0.0220031 0.0297977 -0.00851366
internal_weight=5609.72 4161.72 3353.17 2277.41 1448 1951.6 258.316 239.924 1893.55 1189.68 1075.76 808.549 325.81 568.894 165.704 864.632 686.108 642.813 43.295 410.811 214.734 1377.05 403.19 21.0923 620.788 91.398 44.5344 529.39 260.536 516.501 795.203 581.845 254.208 237.991 71.6823 107.047 576.906 60.6181 46.1841 163.332 30.676 58.0491 94.3829 394.043 330.495 310.299 44.8535 397.738 49.195 338.182 279.858 82.3647 197.493 68.5794 252.355 46.8636 31.4938 48.3522 20.1961 42.418 79.883 428.079
internal_count=1466859 1401813 1311217 1114407 65046 1038306 6129 2226 1032978 58917 196810 90596 76101 28981 23598 190005 172785 167952 4833 33071 35697 683743 5383 3008 29936 1627 598 28309 13675 349235 390505 293238 13139 12807 7169 4955 290473 6741 9742 12905 1855 5328 4705 32404 29125 28193 4263 57525 3886 4779 4046 1343 2703 930 170737 1029 598 5754 932 1020 3578 132255
is_linear=0
shrinkage=0.05


Tree=4
num_leaves=63
num_cat=0
split_feature=2 4 1 0 6 9 9 1 3 4 3 7 9 1 5 7 5 16 6 3 3 3 11 2 2 0 16 12 1 16 16 2 7 9 16 9 16 1 2 11 2 3 1 1 0 11 16 5 1 16 3 16 16 12 12 16 9 16 3 9 10 1
split_gain=438.257 102.149 115.703 31.944 30.942 23.5222 21.5765 28.8867 25.0654 16.9216 15.2981 13.6404 13.0397 12.5267 11.2365 10.6418 15.7323 10.2162 10.0504 9.88383 9.753 9.38352 8.7456 8.56957 8.50802 8.42689 8.41418 8.386 8.0797 7.33579 7.64655 6.99291 6.92805 6.76934 8.12799 6.6324 8.7764 6.61874 6.60752 6.75809 6.55132 6.43232 6.2907 6.27452 6.12586 6.06931 6.06697 6.00881 8.20041 6.06871 5.95111 7.04827 5.78734 5.67751 5.5357 5.49716 5.22653 6.34173 5.11092 5.10747 5.01364 9.93525
threshold=0.056320289149880416 0.15090233832597735 0.044534467160701759 0.920860916376114 0.98872429132461559 0.44023708999156957 0.86306920647621166 0.064320120960474028 0.85089400410652172 0.17794729024171832 0.012381078209728004 0.071565669029951109 0.59129250049591076 0.17211536318063739 0.92111065983772289 0.087012998759746565 0.20580470561981204 1.8396371006965639 0.98872429132461559 0.85182219743728649 0.0044543433468788871 0.85175707936286937 0.48484866321086889 0.0045103260781615981 0.66105055809021007 0.91296237707138073 0.98208776116371166 0.76794102787971508 0.99625700712203991 0.83821973204612743 1.2195458412170412 0.68488210439682018 0.67441090941429149 0.11515746265649797 1.010009288787842 0.0081883324310183542 0.92603111267089855 0.95729288458824169 0.02843895182013512 0.4950540959835053 0.9726071059703828 0.026788656599819664 0.93762120604515087 0.7439522147178651 0.68802863359451305 0.49167200922966009 0.83456739783287059 0.5098915994167329 0.65309298038482677 1.041474521160126 0.3635490089654923 0.97667652368545543 0.86353904008865368 0.7720642387866975 0.60173228383064281 0.91593348979949962 0.044451402500271804 1.2582155466079714 0.020495741628110412 0.78808999061584484 0.68821939826011669 0.93346706032753002
decision_type=8 8 8 10 10 10 10 10 10 10 8 10 8 10 10 10 10 10 10 8 10 10 10 10 10 10 8 10 10 8 10 10 10 10 10 10 8 10 10 10 8 10 10 10 10 10 8 10 10 10 10 10 8 10 10 10 10 10 10 10 8 10
left_child=6 5 21 4 10 24 7 17 18 19 26 29 13 41 15 28 -17 35 38 22 -11 27 -9 -10 53 -25 43 -3 54 -5 60 59 -14 34 -29 45 -37 -20 39 42 -35 -12 -8 -4 56 -1 -41 49 50 -48 51 -49 -18 -2 -7 -45 -38 -58 -6 -16 61 -31
right_child=1 2 3 11 58 14 8 9 23 20 12 -13 32 -15 31 16 52 -19 37 -21 -22 -23 -24 25 -26 -27 -28 33 -30 30 -32 -33 -34 40 -36 36 44 -39 -40 46 -42 -43 -44 55 -46 -47 47 48 -50 -51 -52 -53 -54 -55 -56 -57 57 -59 -60 -61 -62 -63
leaf_value=0.018582077156373535 0.027753540665798767 0.0059157488662072511 -0.0082456208387701232 -0.041265746880060607 0.064608956417433069 0.0032418071078560221 0.025618211462474595 -0.027002821187046791 0.067346869976779022 0.045034619436472856 0.034858364033943517 -0.012817489592118017 -0.013164177186189447 -0.029498021344492517 -0.016934759257658513 0.0061954830187761524 0.0031150166912790119 0.078410923138175437 0.029194005963706939 0.069886597423220551 -0.022311701693090887 -0.016308190554607107 0.016620947442292325 0.058228327489809655 0.0063991987076939556 0.0055587150784522947 -0.021072608506981557 0.015273099818582624 -0.057945139274391537 0.013350031174174104 -0.056370308541201765 -0.0098552869875670225 -0.023577887845257123 -0.0044124162193783815 0.046835643102795456 -0.0026909950517381535 0.032177208841146422 0.053701174691426226 0.011173110184207092 -0.0026226186396496884 0.047339186351989512 -0.018303952054335222 0.04753385021178571 -0.017805277568463652 0.060256493767628476 0.062741527347415157 0.031858203547706847 -0.04082793596227869 0.021332220822785367 0.01028208421867993 0.016163482596765186 0.0040582748834617974 -0.014149379932140195 0.061954748044146982 0.023836697472452897 0.047462918973341664 0.0094691682452615646 0.03664407628572703 0.0090851046543820244 0.012228800404553195 -0.0015174983772032558 0.057371671741809155
leaf_weight=14.646177965507379 28.926456601970131 284.01022836833727 13.777915117330847 6.3102673518587826 4.4664112229365847 76.001118097774452 303.22314146577264 14.448437535611445 43.70143672649283 5.7237056551966807 5.8182977004034901 138.71634434597217 351.49716365254426 917.75888876449608 15.780873152485581 188.2724278633832 57.281879986287095 7.7698983378359108 176.78168013200047 7.0224286955781272 88.466677215721575 35.080602317058947 56.091629500675481 15.719209509843497 25.090661586742499 14.692592640174551 22.803903008069028 44.221016990253702 4.2503914627013719 52.559277887834469 3.6833100951334918 46.853679636114975 292.7174505974981 33.680508410354378 37.862013714184286 43.943736227985937 61.075314818299375 32.636730188620277 147.39188348717289 31.429403376299888 7.4720370081486172 257.69925597457041 36.707853793050162 3.9764375273080104 9.9073878612252866 16.599724237457849 139.97695903904969 14.356146708130835 139.84529029054102 42.481113390240353 31.392278272425756 22.379019481129944 318.14002673447249 20.902791929489467 57.173576972039882 17.096277495380491 112.89789813302923 26.510277515102644 57.517966215964407 308.496623925108 26.37818734254688 16.950514992757235
leaf_count=274 1138 30080 5139 430 112 4301 3243 613 117 433 1099 53110 156679 610008 2087 19428 16561 136 2191 104 43639 8807 1678 216 998 252 6585 1661 74 2217 505 8904 169026 6942 1036 3969 1428 217 8234 326 135 122084 305 560 300 155 1450 298 1500 595 345 272 121613 344 2690 636 8898 572 5564 20812 2553 302
internal_value=8.74127e-06 -0.00939325 -0.0148202 -0.0195318 -0.0216733 0.00305818 0.0214419 0.0123074 0.0250039 -0.00397755 -0.0228174 -0.00250167 -0.0236183 -0.026739 0.00116563 -0.00255832 -0.00559986 0.021842 0.0231382 0.0133173 -0.0182192 0.00850463 0.00768567 0.0531636 0.0301442 0.0327825 0.00254087 0.010642 0.00991755 0.0110132 0.0143263 0.00820072 -0.0178959 0.0215343 0.0298318 0.0203029 0.0176321 0.0330133 0.0208636 0.0227385 0.00498408 -0.0171302 0.0279848 0.0179919 0.021877 0.0420423 0.0185111 0.0202123 0.0144024 0.0268347 0.000177563 -0.0134833 -0.0115152 0.0421006 0.0120835 0.0351468 0.0199803 0.0146368 0.013086 0.0108096 0.017042 0.0240851
internal_weight=5437.04 3779.22 2632.05 2189.73 1945.13 1147.17 1657.82 465.103 1192.71 171.753 1883.15 244.598 1825.49 1181.28 1072.25 701.119 563.694 293.35 1118.6 77.5625 94.1904 442.326 70.5401 74.1132 74.9199 30.4118 57.6545 407.246 137.425 105.882 99.5713 371.131 644.215 123.236 82.083 285.581 254.335 209.418 909.183 761.791 41.1525 263.518 339.931 34.8506 210.391 31.2459 421.86 390.431 207.973 182.458 68.1274 36.7352 375.422 49.8292 133.175 21.0727 200.483 139.408 61.9844 324.277 95.888 69.5098
internal_count=1465980 1384220 1185270 1136609 1077492 198950 81760 62199 19561 46467 1071816 59117 1058896 733191 196470 164667 157602 15732 18976 2395 44072 48661 2291 585 2480 468 12920 39854 7065 6007 5577 31803 325705 9774 2697 15596 15167 2408 16568 8334 7077 123183 3548 6335 11198 429 4786 4460 2415 2045 915 570 138174 1482 6991 1196 10898 9470 5676 22899 5072 2519
is_linear=0
shrinkage=0.05


Tree=5
num_leaves=63
num_cat=0
split_feature=2 4 1 9 9 7 3 4 1 3 4 10 15 1 5 16 2 3 7 6 15 11 7 1 15 6 12 4 12 15 3 2 3 5 12 2 5 10 6 5 12 4 10 7 1 2 2 6 12 15 16 12 16 7 9 16 11 3 7 5 12 3
split_gain=389.956 97.3941 82.1309 36.2018 24.598 22.8299 21.7934 21.1897 21.3121 19.3828 15.4914 13.4455 13.092 12.0788 11.9381 11.5456 11.3667 10.9148 10.7119 10.3376 10.2513 9.60111 8.86624 13.5258 8.85169 8.11887 7.85578 7.76188 7.8403 7.94521 7.6671 7.52873 8.53937 7.31477 7.10059 6.75646 6.48089 8.95135 6.2123 6.19213 6.02225 5.88441 6.71508 5.76331 5.73489 5.70803 5.67674 5.25354 5.41082 5.15478 4.87961 4.86333 5.06519 4.805 4.77699 4.71281 4.67349 4.65738 4.64023 4.5684 6.53095 4.43047
threshold=0.056320289149880416 0.15090233832597735 0.044534467160701759 0.6742008924484254 0.55959400534629833 0.071565669029951109 0.020495741628110412 0.071561925113201155 0.044534467160701759 0.85009309649467479 0.075514849275350585 0.66442492604255687 0.13108410686254504 0.85134714841842662 0.92111065983772289 1.8396371006965639 0.0045103260781615981 0.016334651038050655 0.090924344956874861 0.99259737133979808 0.12770804017782214 0.45905531942844396 0.38096757233142858 0.96506720781326305 0.102905310690403 0.032108679413795478 0.69413343071937572 0.0044943823013454684 0.23397535085678103 0.12539454549551013 0.3601620495319367 0.21029081940650943 0.36496707797050482 0.92111065983772289 0.96537867188453685 0.0084662986919283884 0.49445348978042608 0.99629056453704845 0.99259737133979808 0.20580470561981204 0.023989412002265457 0.56463232636451732 0.53044879436492931 0.6625475585460664 0.06843628361821176 0.70818650722503673 0.68488210439682018 0.14743160456418994 0.93902823328971874 0.17524210363626483 0.91807609796524059 0.16646077483892444 0.98613387346267711 0.72132158279418956 0.0081883324310183542 0.93657648563385021 0.99169430136680614 0.35999378561973577 0.8875524401664735 0.88149121403694164 0.39677743613719946 0.85583323240280162
decision_type=8 8 8 8 10 8 10 10 10 10 10 8 8 10 10 10 10 10 10 10 8 10 10 10 10 10 10 10 10 10 10 10 10 10 8 10 10 8 10 10 8 10 8 10 10 10 10 10 10 10 8 10 10 10 8 8 10 10 10 10 10 8
left_child=7 4 25 6 26 33 13 9 15 12 14 17 27 44 18 47 -11 -10 -6 53 24 -14 35 36 -8 34 -2 28 29 -1 -27 -28 -33 -5 -3 -23 57 59 49 61 -37 42 -35 -12 -4 -15 -16 51 54 -22 -44 52 -9 -7 -49 -25 -42 -24 -21 60 -38 -20
right_child=1 2 3 5 10 19 20 8 11 16 43 -13 21 45 46 -17 -18 -19 39 58 38 22 23 55 -26 30 31 -29 -30 -31 -32 32 -34 41 -36 40 37 -39 -40 -41 56 -43 50 -45 -46 -47 -48 48 -50 -51 -52 -53 -54 -55 -56 -57 -58 -59 -60 -61 -62 -63
leaf_value=-0.0024470244511396034 0.011446857884125937 0.023275418110869639 0.0306602928691273 -0.00072828505898203959 0.015301156356406385 -0.011601345448650102 0.032298316562434717 0.021127141204629996 0.016160402913636799 0.060749721942747525 -0.0021590078635384063 0.012492457516187168 0.0472652705724603 0.038857543106588982 0.014589468265603726 0.072760758077277818 0.024266528674462523 -0.024187846695684388 0.0025227380829799719 0.029660715947540064 -0.021529751976862674 0.017841628159352873 0.00088363080860114616 0.061646837348301259 -0.030988515136406977 0.011235103172621415 0.059857520764231925 0.021038850030910966 0.036996132757443206 0.03535215037502084 -0.0047752645204785903 0.0083685716427440299 0.062494732247866662 0.045178102542789089 -0.036043344964771934 0.041263883584560138 -0.036157455721508351 0.04946834391805973 0.013517401331894647 -0.012238798190123298 0.0050806762544778712 -0.0077014381129941849 -0.050441135315985125 -0.014566752915334819 -0.020348843119918521 -0.011597985671503018 -0.026871886686188881 0.036679208896123659 -0.035535858505784418 -0.052370599139871681 0.020498649252039852 0.024156178444184079 -0.020060098776259888 -0.0215727670973106 0.0034438466706190004 0.030015951640574953 -0.025495332455980114 0.036589075614502357 -0.03447386688098774 -0.041149677897732849 0.016434962784638473 0.07029275662586551
leaf_weight=28.915415759314783 60.782678550880519 78.567114221834345 6.3358925104839718 75.283375500061084 74.551691304397536 297.9531627388933 5.5797086347301947 16.284514794126157 21.133445586368907 49.196020215749741 205.08975036650372 70.961123012093594 22.287489556474611 22.903169384997458 249.05300651537254 9.3373810670746007 37.717730595264584 81.017581583670108 82.578044422116363 18.207665582856865 740.62868285455625 174.35647386900382 12.642852589138782 24.672556562814862 564.44503259146586 128.55412363854703 22.441516580365715 397.20766867575003 195.13020376197528 26.77527348708827 178.7548630523961 26.759686065488495 10.013999655609949 29.499037052679341 5.3910362507449454 10.985318541643208 8.6483374139061215 7.5037902739131814 12.448682475835083 157.53818001225591 229.27874674327904 11.809696686163077 3.3395549493725385 172.14491072774399 42.283228703730856 7.4218972291855598 8.5387123898835835 13.2504499272909 7.3284732478787182 13.801179990696253 8.8426440158509649 160.77551849416341 13.782379183510782 203.21389929956058 58.74254274147097 22.528764114715159 13.217864581849424 32.897816836950369 3.337224045477341 9.116933348879682 18.595198243885534 2.4842029996216288
leaf_count=307 4039 3466 660 13740 3817 134800 3540 839 1218 141 45074 7180 324 1426 12152 118 369 42680 8911 1567 472303 1631 337 150 360729 9813 363 5926 1664 230 35193 1169 228 366 227 171 394 105 1091 62492 4960 637 185 58296 19935 1314 2796 111 281 8316 492 5968 589 116241 4154 281 276 595 322 330 589 13
internal_value=-0.000225645 -0.00983578 -0.0153193 -0.019295 0.00274086 -0.00954095 -0.0237832 0.0188971 0.00955991 0.0220947 5.17976e-05 -0.00422638 0.0204883 0.00174462 0.00521918 0.0180986 0.0449172 -0.0158404 -0.00127512 -0.0141867 -0.0252906 0.0150775 0.0138065 0.0248966 -0.030369 0.00568688 0.024074 0.0253872 0.0322735 0.0157263 0.00192223 0.0370354 0.0231079 0.00931663 0.0194665 0.0102656 0.0134648 -0.000251897 -0.0215159 -0.00636905 0.00505438 0.0234539 0.0322812 -0.00782108 -0.0137015 0.0265088 0.0132151 0.0162094 0.00539441 -0.0220939 0.00105164 0.0207045 0.0022473 -0.0156446 0.00956088 0.0465497 0.00341406 0.0266766 0.0197265 -0.0105128 -0.000260263 0.00450193
internal_weight=5304.87 3530.58 2458.6 2067.33 1071.98 651.486 1415.85 1774.29 452.613 1321.67 951.978 173.112 1234.76 78.9442 574.744 279.501 86.9138 102.151 317.152 522.712 1336.9 586.732 564.445 136.606 570.025 391.267 119.998 648.029 250.821 55.6907 307.309 59.2152 36.7737 128.774 83.9582 427.838 89.4049 43.8643 766.879 242.6 253.482 53.4909 41.6812 377.235 48.6191 30.3251 257.592 270.164 79.3215 754.43 12.1822 190.842 30.0669 501.167 71.993 47.2013 242.497 45.5407 21.5449 36.3605 27.2435 85.0622
internal_count=1467631 1385713 1186363 1137664 199350 268350 869314 81918 63138 18780 193551 51078 18270 23335 90181 12060 510 43898 75233 252930 845979 10143 9819 2781 364269 48699 5799 8127 2201 537 45006 1760 1397 15420 3693 7038 2350 1418 481710 71416 5407 1680 1043 103370 20595 2740 14948 11942 4546 480619 677 7396 1428 251041 4265 431 5236 932 1889 1313 983 8924
is_linear=0
shrinkage=0.05


Tree=6
num_leaves=63
num_cat=0
split_feature=2 7 9 1 10 1 6 5 10 12 3 2 9 3 16 7 1 15 1 12 2 16 16 5 9 12 15 15 3 14 11 9 15 10 16 10 10 7 5 6 16 11 12 7 1 5 5 3 12 15 2 12 9 16 7 5 5 5 16 2 12 1
split_gain=410.993 90.2652 60.2707 32.2207 26.9755 36.2253 24.5908 21.4017 17.3712 15.2103 11.9382 16.7996 10.9053 10.5903 9.85895 8.41804 8.02118 7.87815 10.4257 15.7936 9.4337 8.54553 7.61788 7.30025 7.21538 6.87163 6.71419 6.4386 6.31433 5.96288 5.81289 5.7717 5.87802 5.68827 5.46575 10.641 5.31013 6.70223 5.50948 5.04863 5.02997 4.90824 4.74359 4.72225 6.53612 6.58052 4.66388 4.56203 6.17562 4.53636 4.39276 5.49329 4.33415 5.17854 5.05843 4.61606 4.78181 4.33382 4.28082 4.20024 4.19035 4.78619
threshold=0.064123075455427184 0.06734760478138925 0.89439573884010326 0.072198662906885161 0.66442492604255687 0.044534467160701759 0.99259737133979808 0.92111065983772289 0.83765614032745372 0.42917259037494665 0.8513513207435609 0.012424391694366934 0.36553940176963812 0.35646492242813116 1.8396371006965639 0.47650776803493505 0.89895135164260875 0.12796808034181598 0.82757556438446056 0.78313830494880687 0.01636187452822924 1.1596829891204836 0.95205906033515941 0.7748115360736848 0.33343608677387243 0.57622057199478161 0.12960455566644671 0.16104286164045337 0.012381078209728004 5.5000000000000009 0.49918489158153539 0.060408869758248336 0.10577923431992532 0.0045781633816659459 1.2038087248802187 0.98460057377815258 0.98863568902015697 0.01603399217128754 0.11104059964418413 0.8951382339000703 1.2452956438064577 0.47735287249088293 0.90393009781837474 0.22621012479066852 0.50761589407920849 0.81850466132164013 0.98823145031929027 0.012381078209728004 0.73477280139923107 0.102905310690403 0.0045103260781615981 0.5980939269065858 0.98496484756469738 0.92872801423072826 0.21008128672838214 0.91723245382308971 0.95715197920799266 0.2019041106104851 1.405518174171448 0.96485218405723583 0.15448453277349475 0.76364198327064525
decision_type=8 8 10 8 8 10 10 10 8 10 10 10 10 10 10 8 10 8 10 10 10 8 8 10 8 8 10 10 10 10 10 10 10 8 10 8 8 10 10 10 10 10 10 10 10 10 10 10 10 10 10 10 10 10 10 10 10 10 10 10 8 10
left_child=4 9 3 13 5 14 8 57 12 -2 17 -12 26 30 31 -14 28 20 27 -20 21 43 -21 -13 -10 -23 49 36 -7 -8 39 -1 -33 -15 50 -36 -19 -38 -39 -3 -34 -9 -24 44 -6 -46 -26 48 -28 -5 -29 -52 55 54 -54 -22 -57 -4 -17 -35 -40 -62
right_child=1 2 7 6 10 16 29 41 24 -11 11 23 15 33 -16 58 -18 18 19 22 52 25 42 -25 46 -27 47 34 -30 -31 -32 32 40 59 35 -37 37 38 60 -41 -42 -43 -44 -45 45 -47 -48 -49 -50 -51 51 -53 53 -55 -56 56 -58 -59 -60 -61 61 -63
leaf_value=0.022089281471707176 -0.004577428575290623 0.013870512776538566 0.0020218107891956296 0.021699133690058141 0.037144841567232141 0.0050833793184523251 -0.013809569037008113 -0.019286898923588664 0.013995613434059468 0.014565452727639759 0.057765217003557662 -0.015281038551033375 -0.012413788575348738 0.059856931765305148 0.069509707660287176 -0.0222137044022877 0.037642095554576073 0.020632924313456747 0.017009399431349347 0.054693827410323907 0.0085644249454198806 0.030281606155677689 0.0062168641313296025 0.042594386540381626 -0.014379645608536907 -0.012142845962597452 -0.020938316872753396 0.072459443985022673 -0.026127011334817686 0.026094255834866881 0.058490556357076562 -0.039701399402895673 0.0060527220018411348 -0.010420113648487316 0.039789453890711812 -0.040464607111809658 0.030729111444842212 -0.013178453293926069 0.021163596119850789 -0.04531242317234218 0.028785377979887502 0.011393098246422546 0.045422185576106756 0.04500065707662091 0.0054133958338954775 0.038223065631162616 0.008690705696390133 -0.024928343461067412 0.034351920882088688 -0.034662203386366885 -0.0001852548907232626 0.052919817631985215 -0.0073696570057869412 0.031356023664405215 0.026788583287237031 0.055637098904662008 0.011068657785631646 -0.012815755686308584 -0.061339651649662 0.018489386122415536 0.0081181177939779366 -0.018835560909546974
leaf_weight=145.00161792404833 146.40160307286715 59.707935000187717 63.831068430823507 3.6167146465450051 122.29577238298953 20.025540532660671 12.770158471801549 13.677419568717594 28.643950912548462 356.33641655174142 50.383249225735199 14.549866362824107 279.96939874121745 3.0921848085417869 8.455611149867762 737.11317805279396 6.3626617889967738 135.96290267523727 163.22035322969896 54.878657160094008 119.02823264559265 19.298445517808432 17.248338817444168 8.7106245403410849 251.609023046316 18.885279009817168 14.23419851549261 9.557662545237692 84.959426844652626 35.078444560524076 6.9407545381691298 6.1057442529418031 130.84379776314017 187.12126874492969 10.887869192287328 6.6549043972045174 32.590276063710917 30.787326027988456 57.59282512019854 3.8349090425181194 29.892831492761616 278.12227512366371 13.959714828466529 77.297733224113472 41.233239497523755 24.282587283407338 23.996067918429617 282.67483666416956 7.8276812053518361 277.20165503594035 8.2108750331681239 11.967063179938121 20.596322535537183 97.497142201580573 22.876903255120851 11.622410956886599 12.481638579280114 214.90552100085188 7.0579076134599736 13.468470173349486 231.07463179330807 17.734024516888894
leaf_count=2809 33535 3935 12411 1808 855 1160 3680 1891 5859 45167 254 634 143191 274 107 444281 361 6779 3584 411 3702 208 321 191 106870 259 3793 73 48659 919 211 310 9689 57819 470 260 593 569 798 385 456 19714 281 600 383 207 2877 193460 1404 192384 514 395 329 1450 379 165 275 92635 3952 1277 4297 405
internal_value=0.000112834 -0.01052 -0.0140151 -0.0177164 0.0186809 0.00769685 -0.0199602 0.000490341 -0.0208453 0.00899088 0.0219208 0.041539 -0.0229162 -0.0016608 0.0162372 -0.0198043 -0.01687 0.0208812 0.0176601 0.0261489 0.0252809 0.0314136 0.0434775 0.00639224 -0.00988866 0.00929891 -0.0283589 0.0138332 -0.0201737 0.0154445 0.0150443 0.0147927 0.00845128 -0.00744157 0.0314785 0.00934483 0.0121837 0.00907697 0.00698423 0.0102987 0.0102804 0.00995505 0.0237538 0.0345988 0.0303177 0.0175739 -0.012371 -0.0232193 -0.00132102 -0.0339363 0.0445364 0.0313101 0.018734 0.0249568 0.0106054 0.0126051 0.0325585 -0.00941793 -0.0225848 -0.008479 0.00901018 0.00619697
internal_weight=5204.25 3309.23 2806.5 2235.96 1895.01 431.647 1961.79 570.536 1913.94 502.738 1463.37 73.6437 1609.7 274.166 320.3 1024.14 111.348 1389.72 802.327 249.307 587.396 303.293 86.0867 23.2605 304.249 38.1837 585.555 553.02 104.985 47.8486 70.4836 311.844 166.842 203.682 47.2784 17.5428 505.742 369.779 337.189 63.5428 160.737 291.8 31.2081 265.109 187.812 65.5158 275.605 304.737 22.0619 280.818 29.7356 20.1779 284.103 140.97 43.4732 143.132 24.104 278.737 744.171 200.59 306.401 248.809
internal_count=1466924 1373732 1295030 1168379 93192 63551 1104478 126651 1099879 78702 29641 1079 984273 63901 13371 591424 50180 28562 19750 4597 8812 2512 1013 825 115606 467 392849 15153 49819 4599 4531 13264 10455 59370 1712 730 13441 6662 6069 4320 10145 21605 602 2045 1445 590 109747 198657 5197 194192 982 909 6300 2158 708 4142 440 105046 448233 59096 5500 4702
is_linear=0
shrinkage=0.05


Tree=7
num_leaves=63
num_cat=0
split_feature=2 4 7 8 3 9 5 7 5 1 3 9 16 9 1 7 12 0 2 3 3 14 4 1 10 12 10 0 10 8 11 1 16 16 3 8 10 1 12 9 1 1 4 10 10 9 11 2 7 9 12 4 16 4 5 3 3 8 16 12 12 7
split_gain=386.664 76.9548 59.9565 33.4594 23.6219 22.9809 13.7669 16.5786 12.2174 17.9832 12.2002 11.9607 14.5803 11.6761 13.3104 9.799 8.4622 7.53708 7.19475 6.83712 6.52568 7.41615 5.99158 18.493 8.71113 7.45167 5.95658 5.6781 5.65879 6.24082 5.55907 5.44426 7.95246 5.40356 5.30829 5.28049 6.60661 5.08308 4.96342 4.87452 4.81525 4.93563 4.67255 7.97773 4.47192 4.42139 4.28394 4.9669 5.16426 5.68515 4.12871 4.10359 4.0738 5.78312 4.0656 4.01544 3.9408 4.63862 3.83508 3.77472 5.45918 4.47712
threshold=0.056320289149880416 0.14290115982294085 0.098605349659919753 0.0043196547776460656 0.016334651038050655 0.41292051970958715 0.92111065983772289 0.10624992474913598 0.9531201720237733 0.056622199714183814 0.37064486742019659 0.95754709839820873 1.3063679337501528 0.46399217844009405 0.14022406935691836 0.68584764003753673 0.22600968182086947 0.61252820491790783 0.68488210439682018 0.85583323240280162 0.020495741628110412 2.5000000000000004 0.3085311651229859 0.044534467160701759 0.92890840768814098 0.97612985968589794 0.072543941438198103 0.032037304714322097 0.98863568902015697 0.028261634521186355 0.48963974416255956 0.99256274104118358 0.93750932812690746 1.1195662617683413 0.8527105748653413 0.10329388082027437 0.20698835700750354 0.98446097970008861 0.54820591211318981 0.55959400534629833 0.8634210228919984 0.048694135621190078 0.41754496097564703 0.53044879436492931 0.0045781633816659459 0.1035033166408539 0.49373629689216619 0.02843895182013512 0.38476626574993139 0.98886483907699596 0.70711547136306774 0.95992484688758861 1.8396371006965639 0.96374624967575084 0.8579404652118684 0.3635490089654923 0.36285710334777838 0.7926904857158662 1.2747216224670412 0.047145579010248191 0.023989412002265457 0.020057220943272117
decision_type=8 8 8 10 8 10 10 10 10 10 10 10 10 8 8 10 10 10 10 10 10 10 10 10 8 8 8 10 8 10 10 10 8 8 10 10 10 8 10 10 10 10 10 8 8 10 10 10 10 10 8 10 10 10 10 10 10 8 8 10 8 10
left_child=3 5 8 10 40 35 7 33 9 55 16 12 20 14 44 -15 -1 -11 28 39 21 -5 27 25 -25 45 -23 -22 29 -8 -27 46 -33 54 -29 38 -37 -19 -2 -9 41 -4 43 -10 -6 58 47 48 49 -13 -28 -32 53 -14 -7 -3 57 -47 -24 60 -48 -61
right_child=1 2 4 11 13 6 18 19 42 17 -12 31 52 15 -16 -17 -18 37 -20 -21 22 26 23 24 -26 30 50 34 -30 -31 51 32 -34 -35 -36 36 -38 -39 -40 -41 -42 -43 -44 -45 -46 56 59 -49 -50 -51 -52 -53 -54 -55 -56 -57 -58 -59 -60 61 -62 -63
leaf_value=0.0062080801519555796 0.012566887044428491 0.013165761598972526 0.013838507739279471 -0.020976992026705735 0.047340060359000742 0.010841781575625615 0.030447406081694873 0.013570151475977611 0.057836236042483759 -0.020244093734800295 0.051931261250201359 0.011803144465748363 0.039691011536871275 -0.012187784371421442 -0.028383427865474542 -0.022309993797928165 0.032135795781657622 -0.0029913289232469105 -0.021609941515084673 0.046550127605022938 0.045668151784093919 0.014159008120944764 0.0097111079630231387 -0.024285058863085712 0.029900999990279339 0.064886161038733889 0.015729091563183729 0.0092210967914727465 -0.030273584383985915 0.0074620873945634193 0.044341620364550804 0.052579983105678241 0.017999473184483479 -0.015157913192978684 0.045361292863390135 0.047522605656692814 -0.013610634095624567 0.067590632474847673 0.048218730812826821 -0.013544634212760698 0.02808613728330225 -0.013364081712499788 0.0086695128239321264 -0.0005647847700689508 -0.014206272912083715 0.020627678718622259 0.015584654334032517 0.011357897115365265 0.037416602439991273 0.029363035764702533 0.055297294892932426 -0.032413192847724252 0.065377128404113333 -0.01150377758117015 0.044519758350869798 -0.0038704426728833918 0.0091462505136350371 -0.020289741241042825 0.03848276506775794 0.030916737830734904 -0.02798241873284046 0.014237691388391961
leaf_weight=37.68288491491694 13.466803326009538 145.86021880578483 32.50567832426168 8.7549570102710259 2.9992471409495911 98.114647493319353 32.76484227826586 17.427485397696728 17.728409916337117 120.22342112207843 68.397675913933199 84.716842570167501 28.370114658289822 527.3732769220951 629.77210443593503 437.39891254427494 190.8697880099644 82.718835406252765 20.82159087852051 5.0187324328580862 11.944279946328605 36.686412662675139 112.3469275830721 71.69207663150155 8.2731234220555034 10.052756034885535 9.321132954675706 285.74734105804237 9.0818459304282424 299.22252381539147 3.5580170048633581 28.959326471318491 39.036874852608889 18.754924398788717 10.535073962295426 6.7738458956591812 12.714853922487235 2.6319823518279 35.489992487680865 338.93811825760349 19.574317878868897 34.238750036995043 25.806722347013419 8.7257414156338182 185.05421922840469 8.5849601018708181 17.378960850648586 79.390706281643361 68.519641793158371 101.10113191464916 22.522371899191057 3.4106161377858371 10.381085562505175 6.8478388388175508 9.8620808451087196 45.339663138438482 40.727133950393181 35.854141931573395 12.913267190917393 45.039362440817058 12.264803239842875 377.12675611284794
leaf_count=387 484 12032 829 491 193 6554 1352 2503 192 65812 334 928 1475 266433 449136 271380 1515 21746 8163 400 205 717 3316 43211 454 164 515 8049 418 20342 305 149 379 1628 291 161 633 212 415 143960 1679 14719 1980 585 82201 758 230 2703 482 852 337 134 286 217 328 8723 3294 2842 118 450 350 5951
internal_value=2.12722e-05 -0.0104707 -0.015324 0.017997 -0.0192656 0.00177771 -0.000466621 -0.00594565 0.00108158 -0.00191162 0.0334051 0.0151231 0.010464 -0.0205026 -0.0248978 -0.0167769 0.0278609 -0.0121774 0.00692346 -0.0114025 0.00866183 0.0223566 0.00694264 0.0020035 -0.018679 0.00927497 0.0278927 0.0118687 0.00866536 0.00973058 0.0410956 0.0191544 0.0327272 0.00961488 0.0105062 0.0296495 0.00763794 -0.000814777 0.0384118 -0.0122186 0.00627937 -0.000115955 0.0238065 0.038573 -0.0132247 0.006701 0.0179795 0.0222757 0.0256837 0.0213573 0.043715 0.00677597 0.0378505 0.0297366 0.0139178 0.00912593 -0.00208866 -0.0123851 0.0126772 0.0148061 -0.00244078 0.0160171
internal_weight=5125.41 3236.4 2317.95 1889.01 1868.92 918.452 850.007 488.116 449.035 396.774 296.95 1592.06 738.524 1782.6 817.826 964.772 228.553 205.574 361.891 361.384 692.925 77.2849 615.64 307.413 79.9652 227.448 68.5299 308.227 341.069 331.987 17.0214 853.534 67.9962 126.732 296.282 68.4455 19.4887 85.3508 48.9568 356.366 86.3187 66.7444 52.2609 26.4542 188.053 210.426 785.538 333.728 254.338 185.818 31.8435 6.96863 45.599 35.218 107.977 191.2 85.1662 44.4391 125.26 451.81 29.6438 422.166
internal_count=1467082 1385193 1197852 81889 1086570 187341 185648 155373 111282 108525 2236 79653 67179 1069343 531530 537813 1902 87770 30275 146863 65201 2060 63141 54596 43665 10931 1569 8545 22112 21694 603 12474 528 8510 8340 1693 794 21958 899 146463 17227 15548 2757 777 82394 10328 11946 4965 2262 1780 852 439 1978 1692 6882 20755 6894 3600 3434 6981 580 6401
is_linear=0
shrinkage=0.05


Tree=8
num_leaves=63
num_cat=0
split_feature=2 4 1 8 0 7 5 6 3 10 1 7 16 3 10 6 3 8 3 1 1 6 0 5 12 7 12 1 3 3 7 12 2 7 12 11 7 1 12 3 0 4 2 16 5 6 16 6 11 5 6 6 0 0 6 3 14 16 6 6 0 0
split_gain=352.856 69.9977 45.4598 26.2734 23.7278 15.5031 17.4434 14.8138 12.3466 11.4113 27.9436 10.9861 10.1285 9.6666 9.17689 9.10873 8.93339 8.52427 7.52032 7.4841 7.3552 6.9721 6.50992 6.35983 10.7349 9.66909 7.46546 5.73315 5.89324 5.59984 5.53027 5.33832 5.31206 7.58544 5.08254 4.99878 4.95562 7.52935 4.79641 4.76329 4.72974 4.63276 4.76081 4.60204 4.56747 6.42883 4.39988 4.3921 4.37087 4.33794 7.40206 4.75683 6.10963 8.00571 5.85911 4.38704 4.33316 4.24781 4.2294 4.12958 4.09487 6.83858
threshold=0.064123075455427184 0.14290115982294085 0.05247860215604306 0.0043196547776460656 0.92873266339302074 0.10243269428610803 0.92111065983772289 0.99259737133979808 0.8513513207435609 0.66442492604255687 0.044534467160701759 0.071565669029951109 1.8396371006965639 0.012381078209728004 0.24629171192646029 0.032108679413795478 0.36036038398742681 0.052132684737443931 0.36818638443946844 0.7439522147178651 0.012369188014417888 0.98872429132461559 0.60476031899452221 0.93709880113601696 0.61791533231735241 0.14990688860416415 0.79694542288780224 0.84335440397262584 0.016334651038050655 0.0044543433468788871 0.86766207218170177 0.77565717697143566 0.01636187452822924 0.38096757233142858 0.42106132209301 0.45905531942844396 0.2704626619815827 0.44409839808940893 0.85052704811096203 0.85089400410652172 0.4184167087078095 0.99230030179023754 0.91373795270919811 0.87590268254280101 0.32448776066303259 0.87960845232009899 0.79237541556358349 0.032108679413795478 0.49809986352920538 0.59682619571685802 0.54807969927787792 0.91850224137306224 0.75579148530960094 0.43818712234497076 0.96899461746215831 0.36240565776824957 2.5000000000000004 1.0534598231315615 0.26258869469165808 0.37453299760818487 0.4184167087078095 0.80711662769317638
decision_type=8 8 8 8 10 10 10 10 10 10 10 10 10 8 10 10 10 8 10 10 10 10 10 10 8 10 10 10 10 10 10 10 10 10 10 8 10 10 10 10 10 8 10 10 10 10 8 10 8 10 10 10 10 10 10 10 10 10 10 10 10 10
left_child=3 5 15 8 7 38 14 13 36 10 12 34 20 19 22 31 41 46 35 -4 -5 30 -7 24 60 26 -26 28 40 -16 32 -3 33 43 -6 -15 37 44 59 -34 -12 42 48 -11 45 -1 -8 -22 -17 51 -51 52 53 -45 -53 57 -49 -52 -41 -2 -23 -62
right_child=1 2 4 9 11 6 17 -9 -10 21 27 -13 -14 18 29 16 -18 -19 -20 -21 47 23 -24 -25 25 -27 -28 -29 -30 -31 -32 -33 39 -35 -36 -37 -38 -39 -40 58 -42 -43 -44 49 -46 -47 -48 56 -50 50 55 54 -54 -55 -56 -57 -58 -59 -60 -61 61 -63
leaf_value=0.03905066141179004 0.026812433788090725 0.0061358390498366068 -0.021537912760608988 0.021312166649265163 -0.042301657514896257 0.04363776388060045 0.07117799556758829 0.015005019413729462 0.053148275694341565 0.001450046605711278 -0.0086391233723393645 -0.01184111166298513 0.06490735901972651 -0.037062083585371552 0.043315845356129007 -0.0030208454632469216 -0.011945817420080402 0.0018940781788992569 -0.025851674052303049 0.019223965361219245 0.016299918040504017 0.041234118273377335 -0.040393470629142475 0.047703596480571576 -0.042292756991200629 0.02319266476629378 0.0045300567174911361 0.019446843899223146 -0.023856783338652082 -0.011734381389727887 0.04394503615079956 0.033454123582004815 0.011938910487387325 0.033558045464794448 0.016321420743880696 -0.018065200582272227 0.039107239237519298 0.014025829274221491 0.029474001256179355 0.027203235486003497 0.043393391757552961 0.033101838788350317 0.033981811080747791 0.034854901351781424 0.042970566303165272 0.0054593815171856998 0.017777113601374638 -0.024692097275995094 0.041405172251239949 -0.017740768888173448 -0.014932138972031031 -0.0093644955693030583 0.041778336418393465 -0.0056180282113577514 0.027261730411220798 0.028333557832378172 0.003833074042029894 0.025185311905290483 -0.037926536669489794 0.0054764967291508534 0.0062976677870542263 0.034736791774454011
leaf_weight=28.645198514335789 29.117963446071371 40.414417492691427 19.405308617890114 146.08741628844291 3.890049727910081 12.665682511462363 4.0545770862372583 30.013129316212144 47.243413372896612 49.233958268188871 16.656332152953841 95.333534827819676 9.7826732742250879 35.79239103164582 4.6825132173253214 84.303581526794005 115.46612824003387 248.28448694301187 547.8113276632721 26.83052260853583 60.837449507263955 50.021903040120378 2.8175172730116165 25.613680316135287 13.005427554948254 42.293315493268892 24.644633609044831 11.600308995635713 81.687258351026685 343.41980579747178 15.856125495163722 32.076285515067866 580.74371825743583 71.692272225453053 74.615349539148156 1065.3247330821323 54.702090484905057 124.87291466980241 42.729071541747544 3.4750727828941299 5.919627802213653 15.509511873126028 11.556669981975572 27.855949449818581 50.774276137235574 28.330842782743275 79.280404292047024 15.907602281833531 5.9256333229714064 19.464415528113022 15.632417184417138 20.841493176645599 50.730674154357985 21.764921494526789 22.935108858364401 38.090691219782457 81.636630467532086 11.417811220511792 8.8170303834485804 102.55687084990495 35.322825255221687 52.640503129659919
leaf_count=200 1057 2899 10450 4876 770 955 86 3436 211 678 1112 47324 115 22022 285 11240 39826 24874 388839 2327 1860 467 828 225 274 480 324 915 48585 144328 392 913 18143 1026 4825 651372 354 1006 1272 115 248 567 717 405 301 216 4207 1282 209 276 314 320 436 307 251 408 5200 157 585 6850 473 606
internal_value=0.000158279 -0.0104235 -0.0151627 0.0166966 -0.0180415 0.00158912 -0.00175467 -0.0198156 0.0294609 0.0140802 0.00709101 -0.000434782 0.0148294 -0.0204321 -0.00931858 0.00274696 -0.00207312 0.00653835 -0.0210644 0.00211609 0.0132204 0.0165809 0.0283464 0.0241354 0.0213654 0.00678606 -0.0116439 -0.0138976 -0.0176075 -0.0109939 0.0146616 0.0182239 0.014169 0.019057 0.0134166 -0.0186827 0.0255661 0.0223818 0.0149181 0.011287 0.00500429 0.0076456 0.00376673 0.015317 0.0320656 0.0223477 0.0203753 0.00575681 -0.000103251 0.0183018 0.00931462 0.0235774 0.0295769 0.0171025 0.00982444 0.0173989 -0.000818837 0.0020013 -0.0195138 0.0101946 0.0298121 0.0233167
internal_weight=5040.66 3073.88 2204.27 1966.78 1899.02 869.609 695.205 1725.18 334.569 1632.21 430.115 173.839 314.252 1695.16 363.586 305.252 232.762 331.619 1648.93 46.2358 304.469 1202.09 15.4832 243.542 217.929 79.9434 37.6501 115.864 104.263 348.102 958.552 72.4907 942.696 349.66 78.5054 1101.12 287.325 232.623 174.404 593.036 22.576 117.295 101.786 277.967 107.75 56.976 83.335 158.382 90.2292 228.733 84.6053 144.128 100.352 49.6209 43.7766 65.1409 97.5442 27.0502 12.2921 131.675 137.985 87.9633
internal_count=1465621 1372478 1187736 93143 1131365 184742 175563 1078446 2288 90855 64193 52919 13333 1075010 146396 56371 52559 29167 1062233 12777 13218 26662 1783 2849 2624 1078 598 50860 49945 144613 23813 3812 23421 4578 5595 673394 2077 1723 9179 18843 1360 12733 12166 3552 717 416 4293 8342 11449 2874 1155 1719 1148 712 571 879 6482 471 700 7907 1546 1079
is_linear=0
shrinkage=0.05


Tree=9
num_leaves=63
num_cat=0
split_feature=2 4 7 8 9 8 3 6 9 2 16 3 1 7 5 9 3 4 5 1 16 15 12 16 3 16 5 6 2 1 12 12 6 6 1 12 7 15 16 15 15 16 15 7 6 4 15 16 15 7 0 9 15 16 5 16 0 3 3 14 16 12
split_gain=312.942 70.7783 42.859 22.7854 20.824 14.686 14.6048 12.2439 11.1661 10.6506 10.5732 8.76721 8.51241 7.99874 10.0478 7.69116 7.81214 7.1684 7.10367 13.7105 6.45478 6.4883 5.93819 12.8686 8.95041 6.98995 5.98545 5.83099 5.74924 7.71011 5.71067 5.64996 5.41634 6.21221 5.41624 5.73405 5.18918 6.82503 7.38092 5.40812 5.10917 5.09687 7.79499 5.05024 5.01051 4.82789 4.76058 4.75671 4.70805 5.47967 4.62354 7.35679 7.9444 4.5468 8.56746 4.52699 7.20294 4.44286 5.78175 4.19263 4.13313 4.03873
threshold=0.056320289149880416 0.14290115982294085 0.079242810606956496 0.012326657772064211 0.44023708999156957 0.028261634521186355 0.016334651038050655 0.99259737133979808 0.64236909151077282 0.0045103260781615981 1.8396371006965639 0.36762259900569921 0.33353979885578161 0.075416397303342833 0.93318533897399913 0.95754709839820873 0.020495741628110412 0.075514849275350585 0.83813741803169262 0.044534467160701759 1.2151686549186709 0.11012822762131692 0.4046704918146134 0.94548419117927562 0.36302238702774053 1.0889155268669131 0.27668118476867681 0.26258869469165808 0.20639523863792422 0.032407470047473914 0.23009425401687625 0.97612985968589794 0.98872429132461559 0.88331201672554027 0.87507787346839916 0.85584518313407909 0.81620922684669506 0.14409523457288745 1.0610249638557436 0.15582855045795443 0.12960455566644671 0.80687141418457042 0.11637822911143304 0.28263628482818609 0.99259737133979808 0.41754496097564703 0.102905310690403 0.95533403754234325 0.12416606768965723 0.18985369801521304 0.66811010241508495 0.0081883324310183542 0.14459738135337832 0.97667652368545543 0.039821589365601547 1.0126105546951296 0.76793947815895092 0.012381078209728004 0.36542272567749029 4.5000000000000009 1.0776966214179995 0.83430522680282604
decision_type=8 8 8 10 8 8 8 10 8 10 10 10 10 8 10 10 10 10 10 10 10 10 8 10 10 10 10 10 10 10 10 10 10 10 10 8 8 10 10 10 8 8 10 10 10 10 8 10 10 10 10 10 10 10 10 8 10 10 10 10 10 8
left_child=3 4 18 9 28 41 36 10 12 11 15 30 -8 -7 -15 16 50 -16 19 59 31 -22 23 24 -11 26 -24 -17 -2 -30 -1 60 33 -32 35 47 37 -4 39 -39 46 -6 -43 -36 -10 -20 -14 -28 -9 55 51 -5 61 54 -33 -50 -57 -47 -59 -3 -18 -53
right_child=1 2 6 7 5 13 8 48 44 22 -12 -13 40 14 17 27 20 -19 45 -21 21 -23 25 -25 -26 -27 34 -29 29 -31 32 53 -34 -35 43 -37 -38 38 -40 -41 -42 42 -44 -45 -46 57 -48 -49 49 -51 -52 52 -54 -55 -56 56 -58 58 -60 -61 -62 -63
leaf_value=0.0055461508838254023 0.044214771388885438 0.0037521690409456419 -0.0048096437238843368 0.031531425207122897 0.056966916318896568 0.0085989762559910889 -0.016650497231953384 0.037240976472714744 -0.014091036765270487 -0.043241568753678357 0.05927822498311907 0.046517653138180896 0.029554847115163936 -0.010890230432070089 0.0066234790200949542 0.029140302363093718 0.0022197402736707757 -0.017371973280205198 0.028997666978712547 -0.013737769556423666 -0.041742868481215833 0.021678731844588867 0.041272168001817454 0.020376626786352461 0.0060686388045844194 0.003406326439677683 0.0066004357810910607 0.012091205733213206 -0.038774597890402551 0.023998948510344384 0.030309995784238344 0.033374076537283331 0.044839394825311539 0.005608292467713996 0.017998311893977634 -0.01242229497166915 -0.040798107016631641 0.050184125990561573 -0.024290036875440891 -0.022732536201679972 -0.021145597231388865 -0.03088849260891284 0.019092170183505262 0.049480291925507791 0.011658943600399225 0.058725116540730295 -0.030278211683774987 0.031623175451345978 0.019654897390048283 0.028523273135937367 0.051395125366863963 -0.0042206136794084139 0.048166945365853885 0.043933431429817482 -0.058736381893938906 0.017198320326920903 -0.036465047902861182 -0.016865740252664633 0.02591355559485068 0.024637167403289383 -0.010856792102647776 -0.052918899966643951
leaf_weight=29.951029510470107 30.26192958408501 116.89786271736375 53.154086910013575 33.94527379370993 7.6104396203299975 123.27993441236322 480.45344537954952 48.984627182246186 536.52539716706087 16.578977157012559 10.75633343766094 67.103296814340865 3.3575755488418499 340.17377672201837 189.90155057661468 56.329948018305004 361.58084370545112 37.225915943126893 32.978178262215806 141.89044975856086 4.2998508476448469 64.907933243259322 48.562057427014224 71.413842077017762 20.683401276124641 41.224998564925045 36.354814269579947 457.20113756967476 5.6320424326695493 37.204769825038966 105.74771626689471 7.1325125888688508 42.053251255478244 33.520766877307324 24.941434915410355 17.029730116017163 6.5343909017683464 18.015457176719799 5.6958045348292208 2.9608541295165187 360.71227008548158 8.6135002758237516 82.702840237499913 26.037239256547764 19.581048477266449 3.2629190813167943 336.75771578561398 39.767337375436909 34.447730716317892 70.042570780962706 10.633884203038177 17.201135823910597 6.0481565872905767 13.641522745543623 3.9075333108194172 13.175163869862446 11.901800143416038 23.146386545355199 11.989448796492068 30.248208229953889 72.55224567805999 5.6579538451624094
leaf_count=274 368 12215 12746 613 373 5873 285584 410 303230 271 296 320 2127 145982 11663 934 47171 12261 1509 67647 392 4049 384 816 266 518 463 8191 192 1524 620 181 241 269 249 264 2271 1136 1232 369 255077 1484 8027 161 2322 93 243223 398 469 616 183 907 155 637 659 223 215 3465 1280 2259 9861 203
internal_value=-0.000154478 -0.0101261 -0.0149153 0.0156253 0.00200046 -0.000363399 -0.0180289 0.0118722 -0.0190265 0.0235086 0.009943 0.0307729 -0.0217767 -0.00294443 -0.00545292 0.00946708 0.00563016 0.00269065 0.000840164 -0.00264813 0.00350442 0.0177384 0.017606 0.00794831 -0.0158707 0.0220928 0.0260906 0.0139613 0.0275315 0.0157457 0.0257722 0.00135736 0.0291132 0.0243645 0.0209755 0.0138052 0.00204014 0.00554678 0.0261858 0.0398918 -0.0252911 0.0176541 0.0143777 0.0340777 -0.0131844 0.0149658 -0.0296875 0.0196727 0.0240364 0.0190442 0.0209043 0.0157456 -0.00279137 0.0246275 0.000772338 0.00789013 -0.0082709 0.00291477 -0.0022681 0.00804541 3.43925e-05 -0.0162741
internal_weight=4972.09 3046.77 2184.16 1925.32 862.607 789.508 1823.75 1304.35 1737.39 620.97 1125.8 278.376 1181.28 690.581 567.301 1115.04 601.509 227.127 360.413 289.037 528.022 69.2078 342.594 108.676 37.2624 233.918 192.693 513.531 73.0987 42.8368 211.273 458.815 181.322 139.268 144.131 93.1519 86.3606 79.8262 26.6721 20.9763 700.828 98.9268 91.3163 50.9787 556.106 71.3769 340.115 76.1222 178.552 129.567 73.4864 62.8525 28.9072 24.6816 11.04 59.5247 25.077 38.3988 35.1358 147.146 434.133 22.8591
internal_count=1467411 1385532 1197785 81879 187747 185663 1109317 76365 1091563 5514 74432 1724 786011 175779 169906 74136 65011 23924 88468 82121 62950 4441 3790 1353 537 2437 1919 9125 2084 1716 1404 58509 1130 889 1535 1125 17754 15483 2737 1505 500427 9884 9511 410 305552 6347 245350 861 1933 1523 2061 1878 1265 1477 840 907 438 4838 4745 14474 57032 1110
is_linear=0
shrinkage=0.05


Tree=10
num_leaves=63
num_cat=0
split_feature=2 7 4 2 8 12 1 4 4 7 8 7 15 1 4 1 5 9 16 1 10 12 15 9 0 6 15 6 1 15 0 11 9 16 6 4 0 9 9 4 0 0 8 11 12 9 5 12 1 0 12 7 15 11 11 10 16 9 4 11 0 2
split_gain=270.998 64.6047 51.5538 20.9748 14.2052 11.0818 10.4636 10.1438 9.90437 8.05376 7.99067 7.67305 9.06353 7.6636 7.40689 9.96205 6.83723 6.46521 6.21844 6.25005 10.1283 6.20745 5.90424 5.77431 6.49955 6.27057 5.76083 5.65517 5.5553 7.23224 5.47725 5.27958 5.10364 5.09919 9.04386 5.13115 4.91945 4.80162 4.77596 4.75113 4.71744 4.66555 6.18858 5.28404 4.63744 4.41096 7.35118 4.38718 8.22407 7.56289 4.94499 5.11963 4.37436 4.35188 4.15916 4.1316 4.11534 4.11086 4.04449 3.77216 4.56015 3.75364
threshold=0.056320289149880416 0.079242810606956496 0.087426222860813155 0.020459565334022049 0.020050935447216037 0.42917259037494665 0.044534467160701759 0.063781443983316435 0.36692066490650183 0.70962658524513256 0.71432977914810192 0.40853084623813635 0.13155935704708102 0.98843735456466686 0.56463232636451732 0.040655570104718215 0.92920073866844188 0.32125544548034674 0.92603111267089855 0.040655570104718215 0.447913408279419 0.051119383424520499 0.102905310690403 0.37345074117183691 0.094527412205934538 0.98872429132461559 0.15672973543405536 0.9966147541999818 0.03643974848091603 0.14084917306900027 0.18934920430183413 0.96625041961669933 0.24524111300706866 1.108561158180237 0.95365306735038768 0.0044943823013454684 0.39896035194396978 0.98886483907699596 0.075969986617565169 0.40574681758880621 0.71225687861442577 0.94029340147972118 0.016092844307422641 0.99169430136680614 0.38492195308208471 0.9693809747695924 0.88543003797531139 0.72080710530281078 0.69240388274192821 0.98807615041732799 0.61007124185562145 0.035945614799857147 0.12960455566644671 0.49499060213565832 0.48644284904003149 0.02851523365825415 1.1714771986007693 0.96161550283432018 0.32020494341850286 0.48971962928771978 0.81482636928558361 0.32979738712310797
decision_type=8 8 8 10 10 10 8 10 10 10 10 10 8 10 10 10 10 10 8 10 8 10 8 10 10 10 10 10 10 10 10 10 8 10 10 10 10 10 10 10 10 10 10 10 8 10 10 10 10 10 8 10 8 10 10 8 8 10 10 10 10 10
left_child=3 5 4 7 -3 -2 38 11 9 32 22 12 21 18 23 -16 17 -6 -5 44 -21 -1 -10 24 -7 45 30 41 29 55 -14 -13 -8 35 -35 40 -37 53 -4 -30 -23 43 -43 -22 -20 46 56 50 49 -49 51 -32 -24 -15 -31 -9 -25 -53 61 -59 -61 -48
right_child=1 2 6 13 16 14 8 28 10 -11 -12 31 26 37 15 -17 -18 -19 19 20 27 33 52 25 -26 -27 -28 -29 39 54 47 -33 -34 34 -36 36 -38 -39 -40 -41 -42 42 -44 -45 -46 -47 58 48 -50 -51 -52 57 -54 -55 -56 -57 -58 59 -60 60 -62 -63
leaf_value=0.0012120609613955392 -0.0064173483408516462 0.025495635958015211 0.015925220586279987 -0.0010528367728308871 0.035049620728708909 -0.0015832797270845464 0.017280393833752839 0.015256738304761189 0.036829986928637336 -0.018558992535448508 -0.015191601685458498 0.037964320062241846 0.033660876878247162 0.029145234502807572 0.012870000966923454 -0.011420104312627822 0.0047173866771921232 -0.0098635993251269607 0.0017007895204452642 -0.016718672988212974 0.012449049068520311 0.022384650716933907 -0.028355303720865074 0.003661541915090741 0.045239088120524996 -0.051626460899629051 0.02971873806799601 0.029239558010269076 0.011109376853118596 0.0081419836348037237 0.029515936242183839 0.016633540399737256 -0.0093315319783839161 -0.011169104092459569 0.032776039817523445 0.039233393674822703 0.015727439406897317 0.045331176692228276 -0.0077452055499534316 -0.012987943196341587 0.038533458419388829 0.018940593120277974 -0.0089800974286457572 -0.020182800900983025 0.022581647349779889 0.028404365212413202 -0.021913362110092281 -0.017240119972546077 0.033331917718810777 0.019191794280399476 -0.018623554630239899 -0.017806017122964337 -0.020329560463933655 0.0011979397656567332 -0.045855246892112352 0.039753235751006227 -0.037055742494630783 0.023263368060718607 0.034354614419662491 0.010365517910084956 -0.018876638231417428 0.019215990023772337
leaf_weight=27.201390597387217 135.16511090766289 55.53828660887666 27.995263867531321 175.5512810748769 8.3565666679060069 9.9384435259271395 18.93995377785177 67.058998640248319 3.9893511209520502 341.60637597652385 441.41034363106883 104.36276313487906 22.969161473505665 30.768310542684048 95.544755392387742 75.620268212194787 219.36431814273237 194.66905444675649 33.761630475230049 42.180762059462722 249.58464862196706 68.114652611780912 326.01383462772355 85.545308631917578 29.152074092125986 3.7605378467414985 44.475847305555362 31.898369773465674 40.389534166402882 7.7642819613683951 20.380366753321141 40.175716547586489 369.47012744475796 23.785055475193076 23.057128832326271 28.019101149053313 108.26972254610155 19.419788446160965 89.242422831535805 41.443984338431619 134.56753353541717 26.817844272358343 76.343493581342045 13.054640700342132 125.18136102173594 39.87757412850624 7.2926723955897641 24.184332703589462 41.27146214255481 34.661147741600871 23.028800267376937 20.743666276219301 354.27665315636841 25.452577360440046 6.5955379141960293 23.156634009850677 6.6910388246615176 25.127703598001972 34.595589781005401 37.987183298333548 20.541465568123385 23.179957909160294
leaf_count=322 40859 4299 3047 13422 95 831 5100 2367 2112 204360 271077 605 163 394 6768 32818 14988 84027 1804 18808 10326 463 237810 7899 1597 397 498 405 1687 358 183 331 179324 249 162 196 1091 140 32484 15999 748 411 2598 285 3412 1175 343 316 306 310 438 335 250830 321 417 930 1340 219 923 444 299 672
internal_value=-0.000165932 -0.00954469 -0.0130106 0.0145566 0.0017232 0.00600282 -0.0165798 0.0192509 -0.017495 -0.012959 -0.0204366 0.0215119 0.0194237 0.00870624 0.0100855 0.00213869 -0.00140254 -0.00801496 0.00722244 0.00964843 0.00657787 0.0242974 -0.0238201 0.0157522 0.0333349 0.0123318 0.0130409 0.00904875 0.00866299 0.0162986 0.0103027 0.0320352 -0.00803386 0.0259251 0.010462 0.0280619 0.0205599 0.0238967 -0.00209293 -0.00109453 0.0331064 0.00728809 -0.00172183 0.0108271 0.0181463 0.0135515 0.00978626 0.00813867 0.0162203 0.004219 0.00266467 0.00659352 -0.0241757 0.0164928 -0.0166592 0.0215445 0.000707816 0.00211873 0.0226553 0.00705933 0.000102565 0.00937296
internal_weight=4906.58 2997.24 2450.87 1909.35 477.928 546.363 1972.94 1059.33 1855.71 730.016 1125.69 872.924 728.386 850.015 411.198 171.165 422.39 203.026 774.374 598.823 439.88 413.015 684.28 240.033 39.0905 200.943 315.371 397.699 186.409 104.575 270.895 144.538 388.41 385.813 46.8422 338.971 136.289 75.6407 117.238 81.8335 202.682 365.801 103.161 262.639 158.943 197.182 157.305 247.926 100.117 58.8455 147.809 124.78 680.29 56.2209 14.3598 90.2156 92.2363 104.4 65.0682 83.6564 58.5286 30.4726
internal_count=1466937 1385175 1289553 81762 103409 95622 1186144 29436 1150613 388784 761829 7678 6742 52326 54763 39586 99110 84122 51471 38049 32833 3231 490752 15177 2428 12749 3511 14025 21758 4072 3013 936 184424 2909 411 2498 1287 855 35531 17686 1211 13620 3009 10611 5216 12352 11177 2850 932 626 1918 1480 488640 715 775 3297 9239 1297 1938 962 743 1015
is_linear=0
shrinkage=0.05


end of trees

feature_importances:
Column_3=72
Column_16=71
Column_1=61
Column_12=54
Column_7=53
Column_9=50
Column_2=43
Column_5=43
Column_6=43
Column_15=42
Column_4=40
Column_10=36
Column_0=25
Column_11=22
Column_8=19
Column_14=8

parameters:
[boosting: gbdt]
[objective: lambdarank]
[metric: ndcg]
[tree_learner: serial]
[device_type: cpu]
[data_sample_strategy: bagging]
[data: ]
[valid: ]
[num_iterations: 600]
[learning_rate: 0.05]
[num_leaves: 63]
[num_threads: 0]
[seed: 0]
[deterministic: 0]
[force_col_wise: 0]
[force_row_wise: 0]
[histogram_pool_size: -1]
[max_depth: -1]
[min_data_in_leaf: 200]
[min_sum_hessian_in_leaf: 0.001]
[bagging_fraction: 0.8]
[pos_bagging_fraction: 1]
[neg_bagging_fraction: 1]
[bagging_freq: 1]
[bagging_seed: 3]
[bagging_by_query: 0]
[feature_fraction: 0.9]
[feature_fraction_bynode: 1]
[feature_fraction_seed: 2]
[extra_trees: 0]
[extra_seed: 6]
[early_stopping_round: 0]
[early_stopping_min_delta: 0]
[first_metric_only: 0]
[max_delta_step: 0]
[lambda_l1: 0]
[lambda_l2: 0]
[linear_lambda: 0]
[min_gain_to_split: 0]
[drop_rate: 0.1]
[max_drop: 50]
[skip_drop: 0.5]
[xgboost_dart_mode: 0]
[uniform_drop: 0]
[drop_seed: 4]
[top_rate: 0.2]
[other_rate: 0.1]
[min_data_per_group: 100]
[max_cat_threshold: 32]
[cat_l2: 10]
[cat_smooth: 10]
[max_cat_to_onehot: 4]
[top_k: 20]
[monotone_constraints: ]
[monotone_constraints_method: basic]
[monotone_penalty: 0]
[feature_contri: ]
[forcedsplits_filename: ]
[refit_decay_rate: 0.9]
[cegb_tradeoff: 1]
[cegb_penalty_split: 0]
[cegb_penalty_feature_lazy: ]
[cegb_penalty_feature_coupled: ]
[path_smooth: 0]
[interaction_constraints: ]
[verbosity: -1]
[saved_feature_importance_type: 0]
[use_quantized_grad: 0]
[num_grad_quant_bins: 4]
[quant_train_renew_leaf: 0]
[stochastic_rounding: 1]
[linear_tree: 0]
[max_bin: 255]
[max_bin_by_feature: ]
[min_data_in_bin: 3]
[bin_construct_sample_cnt: 200000]
[data_random_seed: 1]
[is_enable_sparse: 1]
[enable_bundle: 1]
[use_missing: 1]
[zero_as_missing: 0]
[feature_pre_filter: 1]
[pre_partition: 0]
[two_round: 0]
[header: 0]
[label_column: ]
[weight_column: ]
[group_column: ]
[ignore_column: ]
[categorical_feature: ]
[forcedbins_filename: ]
[precise_float_parser: 0]
[parser_config_file: ]
[objective_seed: 5]
[num_class: 1]
[is_unbalance: 0]
[scale_pos_weight: 1]
[sigmoid: 1]
[boost_from_average: 1]
[reg_sqrt: 0]
[alpha: 0.9]
[fair_c: 1]
[poisson_max_delta_step: 0.7]
[tweedie_variance_power: 1.5]
[lambdarank_truncation_level: 30]
[lambdarank_norm: 1]
[label_gain: ]
[lambdarank_position_bias_regularization: 0]
[eval_at: 10]
[multi_error_top_k: 1]
[auc_mu_weights: ]
[num_machines: 1]
[local_listen_port: 12400]
[time_out: 120]
[machine_list_filename: ]
[machines: ]
[gpu_platform_id: -1]
[gpu_device_id: -1]
[gpu_use_dp: 0]
[num_gpu: 1]

end of parameters

pandas_categorical:null
